[[], [0], [2, 1]]	(0, 1) 9516.390588184895	(1, 2) 10000.866799150635	(2, 0) 7708.848271626808	(1, 0) 9420.77932976772	(0, 2) 9488.789079409971	(2, 1) 9523.26757687431
[[], [1, 0], [2]]	(0, 1) 9544.531137333452	(1, 2) 9304.505702413575	(2, 0) 9490.62885349532	(1, 0) 9744.231289316034	(0, 2) 9540.410844270036	(2, 1) 9544.806465399983
[[0], [], [2, 1]]	(0, 1) 9882.231523600401	(1, 2) 9782.863109087355	(2, 0) 9795.359934439082	(1, 0) 9790.00049064855	(0, 2) 10000.868753535382	(2, 1) 9754.82793719303
[[1, 0], [2], []]	(0, 1) -2.579361950119864	(1, 2) 15.405167186359286	(2, 0) -11.344103346941745	(1, 0) -26.302229697946384	(0, 2) -2.4760173586957275	(2, 1) -27.117517919671073
[[2], [1], [0]]	(0, 1) 9297.51128830222	(1, 2) 9281.01745069741	(2, 0) 9272.178865773454	(1, 0) 9271.859591847831	(0, 2) 9290.736930841036	(2, 1) 9481.490723237566
[[2], [], [1, 0]]	(0, 1) -7.436897698274503	(1, 2) -9.84132959270353	(2, 0) 1212.9923057950168	(1, 0) -18.053367645678115	(0, 2) -18.62417499914654	(2, 1) -7.746288621906997
[[], [1], [2, 0]]	(0, 1) 8777.847110764904	(1, 2) 8159.864261877755	(2, 0) 9112.117265548	(1, 0) 5275.62068083127	(0, 2) 8920.249910642153	(2, 1) 9577.118020215452
[[], [2], [1, 0]]	(0, 1) -18.0622372390826	(1, 2) -27.277032697968245	(2, 0) -6.287706178453098	(1, 0) -6.503316883795006	(0, 2) -19.003684123990652	(2, 1) -6.002832570363737
[[2], [0], [1]]	(0, 1) 819.1023810727866	(1, 2) 46.76052472849752	(2, 0) 8527.841231975837	(1, 0) 299.3962056504268	(0, 2) -9.213012774595986	(2, 1) 180.7237602779026
[[2], [1, 0], []]	(0, 1) 9405.403856566747	(1, 2) 9378.666407002529	(2, 0) 9418.433338594205	(1, 0) 9310.476271387646	(0, 2) 9623.043362692793	(2, 1) 9424.92087832054
[[1], [], [2, 0]]	(0, 1) 947.1962820067309	(1, 2) 897.2729971411887	(2, 0) -3.9782313961996913	(1, 0) -18.156500525582956	(0, 2) -12.820557619370135	(2, 1) 6884.035205415443
[[2, 0], [], [1]]	(0, 1) -6.842577672085677	(1, 2) -27.277854347309958	(2, 0) -27.12079483813287	(1, 0) 810.472504800428	(0, 2) -7.199839878719555	(2, 1) 9046.024124231977
[[1], [0], [2]]	(0, 1) 1911.1559318875447	(1, 2) 1420.0996645072237	(2, 0) 649.523512891216	(1, 0) 22.921064177489065	(0, 2) 9843.270732694658	(2, 1) 1771.1477647976553
[[], [], [2, 1, 0]]	(0, 1) 0.7471183948996586	(1, 2) 0.6700633666397374	(2, 0) 0.8885379365327865	(1, 0) 0.04377677923168766	(0, 2) 0.45742541577657225	(2, 1) 0.42134673367133346
[[2, 1], [], [0]]	(0, 1) 9384.685678239442	(1, 2) 9197.596465756505	(2, 0) 9115.544291695556	(1, 0) 9185.913318273862	(0, 2) 9171.52181719654	(2, 1) 9015.718200317906
[[], [2, 1], [0]]	(0, 1) -18.19195912691098	(1, 2) -26.779890031507975	(2, 0) -3.5423718731670006	(1, 0) -3.029711826787511	(0, 2) -26.811047636449633	(2, 1) -3.042636764691176
[[], [2, 1, 0], []]	(0, 1) -18.39276376913127	(1, 2) -4.4420481707191195	(2, 0) -18.146529599088886	(1, 0) -4.387800661551056	(0, 2) -18.822818664450313	(2, 1) -18.67251715645598
[[2, 1], [0], []]	(0, 1) 8291.017645640703	(1, 2) 8935.954640804634	(2, 0) 8561.337843082016	(1, 0) 9161.29682958492	(0, 2) 6980.92981415233	(2, 1) 8357.63438761778
[[0], [1], [2]]	(0, 1) 9614.729561348086	(1, 2) 9887.863777675075	(2, 0) 9680.422104527946	(1, 0) 9653.113338367762	(0, 2) 9424.41193397092	(2, 1) 9678.280533220968
[[0], [2, 1], []]	(0, 1) -4.289042717301162	(1, 2) -4.524298106260597	(2, 0) -9.289586906172854	(1, 0) -9.432409548992316	(0, 2) -4.069737245833531	(2, 1) -27.03538184220043
[[2, 0], [1], []]	(0, 1) 9486.969344545769	(1, 2) 7215.78576709191	(2, 0) 8253.500919078731	(1, 0) 8977.520369654048	(0, 2) 9087.53784439813	(2, 1) 8518.819143624987
[[1], [2], [0]]	(0, 1) -3.4242946937672367	(1, 2) -9.58620297635169	(2, 0) -3.2218980956430463	(1, 0) -18.731245432066416	(0, 2) -18.954455429356926	(2, 1) -3.22793674453618
[[], [2, 0], [1]]	(0, 1) -18.23093960142598	(1, 2) -5.175114913007633	(2, 0) -5.454829327709326	(1, 0) -5.546871141891097	(0, 2) -18.165651423754724	(2, 1) -26.888510783612805
[[1, 0], [], [2]]	(0, 1) 1838.6913478586403	(1, 2) 61.07056450631501	(2, 0) -18.763787603390647	(1, 0) -18.923438063928103	(0, 2) -1.1921965828243852	(2, 1) -1.1097744836676537
[[0], [2], [1]]	(0, 1) -6.032823048989342	(1, 2) -18.210220032446763	(2, 0) -26.59493159713146	(1, 0) -27.2014823180901	(0, 2) -5.863204091596654	(2, 1) -5.437152572970337
[[2, 1, 0], [], []]	(0, 1) 8844.911420012952	(1, 2) 9043.839176634936	(2, 0) 9059.185224832303	(1, 0) 9052.6736109534	(0, 2) 9264.523259899595	(2, 1) 9068.568263345214
[[1], [2, 0], []]	(0, 1) -18.189974867289223	(1, 2) -3.286735762586402	(2, 0) -18.246335820314563	(1, 0) -2.4384894184498047	(0, 2) -3.2708657112701585	(2, 1) -27.08365226279097
